20213053900000001
20213053900000002
30213286120101000
30213286120102000
30213286120103000
30213286120115100
30213286120114100
30213286120201000
30213286120202000
30213286120203000
30213286120216000
30213286120215000
30213286120213100
30213286120301000
30213286120302000
30213286120303000
30213286120316000
30213286120315000
30213286120314000
30213286120401000
30213286120402000
30213230160000000
30213227640400100
30213227640400700
30213227640400500
30213227640400600
30213227640400200
30213227640400400
30213227660500300
30213227660500400
30213227660500000
30213227660500100
30213227660500200
30213200000002400
30213200000000100
30213294180401000
30213294180402000
30213294180403000
30213294180404000
30213294180405000
30213294180406000
30213217080601000
30213217080602000
30213217080603000
30213217080604000
30213217080605000
30213217080606000
30213217080607000
30213217080608000
30213217080609000
30213217080610000
30213217080611000
30213217080612000
30213217080613000
30213217080401000
30213217080614000
30213217080421000
30213217080615000
30213217080501000
30213217080618100
30212921370601000
30212921370106000
30212921370105000
30212921370103100
30212921370102100
30212921370102000
30212995700301000
30212995700101000
30212935790901000
30212935790818100
30212935790817100
30212935790816100
30212935790815000
30212935790814000
30212935790813000
30212935790812000
30212935790811000
30212935790810000
30212935790801000
30212935790113000
30212935790111000
30212935790110000
30212935790109000
30212935790108000
30212935790107000
30212935790106000
30212935790105000
30212935780701000
30212935790104000
30212935780120000
30212935780119000
30212935780118000
30212935780116000
30212935780115000
30212935780114000
30212935780113000
30212935780112000
30212935780111000
30212935780110000
30212935780109000
30212935780108000
30212935780107000
30212993620115000
30212993620114000
30212993620113000
30212993620112000
30212993620111000
30212993620110000
30212993620109000
30212993620108000
30212935790809000
30212921370602000
30212995700102000
30212935790902000
30212935790802000
30212935780702000
30212993620116000
30212993620107000
30212921370603000
30212995700103000
30212935790903000
30212921370206000
30212921370204100
30212921370204000
30212921370203000
30212921370202000
30212921370201000
30212995700401000
30212935780106000
30212921370604000
30212993620117100
30212993620117000
30212995700104000
30212935790904000
30212935780105000
30212921370207000
30212921370207100
30212921370208100
30212921370210000
30212921370211000
30212921370212000
30212995700402000
30212921370605000
30212993620118000
30212935780104000
30212921370606000
30212995700201000
30212935791001000
30212993620119000
30212935791003000
30212935780103000
30212921370306000
30212921370305000
30212921370304000
30212921370303000
30212921370607000
30212921370302000
30212921370301000
30212995700501000
30212993620120000
30212995700202000
30212935780102000
30212935791004000
30212921370608000
30212993620121000
30212995700203000
30212921370310000
30212921370308000
30212921370309000
30212921370311000
30212921370312000
30212995700502000
30212921370307000
30212935780314000
30212935780315000
30212935780316000
30212935780317000
30212935780318000
30212935780319000
30212935791005100
30212935780101000
30212921370609000
30212993620122000
30212995700204000
30212921370610000
30212935780406000
30212935790509000
30212935790409000
30212995700205000
30212935780408000
30212935790502000
30212935790416000
30212921370404000
30212921370403000
30212921370402000
30212921370401000
30212995700602100
30212995700601200
30212995700601100
30212935780405000
30212935791007000
30212935790510000
30212935780404000
30212935780402000
30212935780401000
30212921320201000
30212921320202000
30212921320203000
30212935790408000
30212921320101000
30212900000005000
30212921370611000
30212935790511000
30212935790515000
30212935790513000
30212935790512000
30212935790407000
30212935790406000
30212935790405000
30212935790404000
30212935790402100
30212935790401000
30212935780501000
30212995700206000
30212935790501000
30212935790417000
30212935790516000
30212935780409000
30212921370612000
30212921320102000
30212921370405000
30212921370406000
30212921370407000
30212921370408000
30212995700604100
30212921330802000
30212921330801000
30212935791008000
30212921330708000
30212921320206000
30212921320205000
30212921320204000
30212921321006000
30212921321005000
30212921321004000
30212921321003000
30212921321002000
30212921321001000
30212921320911000
30212921320910000
30212921320909000
30212921320908000
30212921320907000
30212921320906000
30212921320905000
30212921320904000
30212921320903000
30212921320902000
30212921320901000
30212921320214100
30212921320213000
30212921320212000
30212921320211000
30212921320209100
30212921320208100
30212921320207100
30212921370613000
30212921320103000
30212921330707000
30212935791009000
30212935790517000
30212921321007000
30212921370614000
30212921320104000
30212921370504000
30212921370503000
30212921370502000
30212921370501000
30212995700701000
30212921330902000
30212921330901000
30212921330706000
30212935791010000
30212935790518000
30212921321119000
30212921321118000
30212921370615000
30212921321117000
30212921321116000
30212921321115000
30212921321114000
30212921320813000
30212921320812000
30212921320811000
30212921320810000
30212921320809000
30212921320808000
30212921320807000
30212921320806000
30212921320805000
30212921320804000
30212921320803000
30212921320802100
30212921320801000
30212921320308000
30212921320307000
30212921320306000
30212921320305000
30212921320304000
30212921320303000
30212921320302000
30212921320301000
30212935790519000
30212921320105000
30212921321008000
30212921330705000
30212935791011000
30212935790520000
30212921340901000
30212921340805000
30212921340804000
30212921340803000
30212921340802100
30212921340801000
30212921330903000
30212921330904000
30212900000004000
30212935790523000
30212935790522000
30212935790521000
30212921320814000
30212921320815000
30212921320816000
30212921320817100
30212921320817200
30212921320819000
30212921320820000
30212921320821100
30212921320822000
30212921320823000
30212921320824000
30212921320825000
30212921320826000
30212921320106000
30212921320309000
30212921320310100
30212921320311100
30212921320313000
30212921320313100
30212921320314000
30212921320316000
30212921330601000
30212921330101000
30212921330704000
30212921330102000
30212935791012000
30212921330103000
30212921321113000
30212921330104100
30212921340902000
30212921330703000
30212921330701000
30212921330607000
30212921330606000
30212921330605100
30212921330604100
30212921330603100
30212921330602000
30212921321112100
30212921320107000
30212921340903100
30212921340705000
30212921340703200
30212921340703100
30212921340702000
30212921340701000
30212921331002000
30212921331001000
30212921330105100
30212921320710000
30212921330222000
30212921320709000
30212921320707100
30212921320706100
30212921320705100
30212921320704100
30212921320703100
30212921320702100
30212921320701000
30212921320411000
30212921320410000
30212921320409000
30212921320407100
30212921320406100
30212921320405100
30212921320404000
30212921320403100
30212921320402000
30212921320401000
30212921330201000
30212921321110100
30212921320109000
30212921340904100
30212921340706000
30212921340707000
30212921340708100
30212921340708200
30212921340710000
30212921331003000
30212921331004000
30212921330510000
30212921330509200
30212921330508200
30212921330507000
30212921330506000
30212921330505000
30212921330504000
30212921330503000
30212921330502000
30212921330501000
30212921330105200
30212921330221000
30212921330202000
30212921210001000
30212954720018000
30212954720017000
30212921340905100
30212954720016000
30212954720015000
30212954720014000
30212921320711000
30212921320712000
30212921320713000
30212921320714100
30212921320715100
30212921320717000
30212921320718000
30212921321109000
30212921320719000
30212954720019000
30212921320413100
30212954720013000
30212954720001000
30212921330220000
30212921330107000
30212921340906100
30212921320721000
30212921330203100
30212921330511000
30212921330511100
30212921330513100
30212921330514100
30212921330515100
30212921330515200
30212921330516100
30212921330517100
30212921330518100
30212921330520000
30212921320414000
30212921321108100
30212921330219000
30212921340605100
30212921340603200
30212921340603100
30212921340602000
30212921340601000
30212954720002000
30212921331102000
30212921331101000
30212921330108000
30212921340907100
30212921210002000
30212921330204100
30212921320608000
30212921320607000
30212921320606000
30212921320604000
30212921320603000
30212921320602000
30212921320601000
30212921320415000
30212921321107000
30212921330218000
30212921340908200
30212921330205100
30212921330109100
30212921210003000
30212921320615000
30212921340606000
30212921330416000
30212921340613000
30212921330414100
30212921330413200
30212921330412000
30212921340614000
30212921330411100
30212921330410100
30212921340618000
30212921340616000
30212921330409100
30212921330408100
30212921330407000
30212921320609000
30212921320610000
30212921320416000
30212921320611000
30212921320612000
30212921320613000
30212921320614000
30212921330217000
30212921321105200
30212921340615000
30212921340612000
30212921330206100
30212921340909100
30212921340607000
30212921330111000
30212921320418100
30212921340617000
30212921340404000
30212921330216000
30212921340403000
30212921340402000
30212921340401200
30212921210005100
30212921330401100
30212921330401000
30212921330402100
30212921330403100
30212921330405100
30212921330406000
30212921321105100
30212921320418200
30212921340910200
30212921340608000
30212921330207100
30212921320419100
30212921320440000
30212921340611000
30212921330215000
30212921330112000
30212921320505000
30212921320504000
30212921320502100
30212921321104100
30212921320501000
30212921340609000
30212921320421100
30212921330208100
30212921340510000
30212921340509000
30212921340511000
30212921340912000
30212921340610000
30212921330214000
30212921330113000
30212921340508000
30212921340512000
30212921321102100
30212921340301100
30212921330306200
30212921330305200
30212921330304100
30212921330303100
30212921330302100
30212921330301000
30212921320422100
30212921320506000
30212921320510000
30212921340507000
30212921330209100
30212921340513000
30212921340913000
30212921330213000
30212921330114000
30212921321101200
30212921320422200
30212921340506000
30212921340302000
30212921340514000
30212921320507000
30212921320509100
30212921340914000
30212921330307000
30212921330308000
30212921330309000
30212921330310000
30212921330311000
30212921330312000
30212921330211000
30212921330212000
30212921330115000
30212921321101100
30212921320423100
30212921340505000
30212921340515000
30212921340915000
30212921340916000
30212921340504000
30212921340516000
30212921320425100
30212921340503000
30212921340206000
30212921340201000
30212921340517000
30212921340107000
30212921340105300
30212921340105400
30212921320430100
30212921320429000
30212921320427000
30212921320428000
30212921340518000
30212921340519000
30212921340502000
30212921340205000
30212921340202000
30212921340105100
30212921340520000
30212921320431100
30212921340501000
30212921340204000
30212921340203000
30212921340105200
30212900000005400
30212900000002800
30212900000005600
30212900000001300
30212900000005700
30212900000003300
30212900000005800
30212986000007000
30212986000008000
30212900000001100
30212986000009000
30212986000010000
30212986000011000
30212986000012000
30212986000013000
30212986000006000
30212986000014000
30212900000002100
30212986000005000
30212986000004000
30212986000015000
30212986000003000
30212986000002000
30212986000016000
30212986000001100
30212986000001000
30212995720305100
30212995720304100
30212921220005000
30212921220004000
30212921220003000
30212921220002000
30212921220001000
30212900000004400
30212900000001500
30212900000004200
30212921220006000
30212900000004300
30212995720403100
30212995720402100
30212921220015000
30212921220016000
30212921220017000
30212900000003900
30212921220007000
30212986140002000
30212900000004600
30212995720404000
30212995720405000
30212921220014000
30212921220008000
30212900000004500
30212921220009000
30212921220013000
30212921220019000
30212995720505000
30212995720503200
30212921220010000
30212900000003400
30212986140001900
30212921220012000
30212921220011000
30212986140001200
30212900000000100
30212995720506000
30212995720507000
30212978380804000
30212900000000200
30212900000000900
30212995720605000
30212995720604000
30212995720606000
30212995720607000
30212995720705000
30212995720704000
30212900000000400
30212921340101000
30212900000001200
30220494170400000
30220400000010600
30220400000000200
30220400000004200
30220494170411000
30220448080000000
30220448080121000
30220448080122000
30220494170410000
30220494170409000
30220494170408000
30220448080120000
30220494170407000
30220448080119000
30220448080118000
30220494170406000
30220448080117000
30220494170405000
30220448080116000
30220494170404000
30220448080115000
30220494170403000
30220448080114000
30220448080101000
30220494170402000
30220448080113000
30220494170401000
30220448080102000
30220300000008600
30220322780300000
30220322780306000
30220322780305000
30220322780307000
30220322740139000
30220322740138000
30220322740100000
30220300000000200
30220322780104000
30220322780103000
30220322780102000
30220322740137000
30220322780101000
30220322740605000
30220300000004100
30220300000000100
30220322740218000
30220322740339000
30220322740217000
30220322740216000
30220322740338000
30220322740215000
30220322740214000
30220322740213000
30220322740212000
30220322740211000
30220322740210000
30220322740209100
30220322740340000
30220322740337000
30220300000005500
30220200000000700
30220283680102000
30220283680101100
30220283680201000
30220283680313000
30220283680301000
30220283680417000
30220283680401000
30220283680521000
30220283680501000
30220283680625000
30220294940078000
30220283680601000
30220283680730000
30220283680701000
30220283700136000
30220294900050000
30220283700101000
30220283700240000
30220283680312000
30220294940077000
30220294900069000
30220294900070000
30220294900071000
30220294900072000
30220294900073000
30220294900074000
30220294900075000
30220294940076000
30220283680402000
30220283700135000
30220283680101200
30220283680311000
30220283680303000
30220283680415100
30220283700102000
30220283700134000
30220294900051000
30220283680104000
30213021310801000
30213021310705000
30213021310704000
30213021310703000
30213021310702000
30213021310701000
30213021310601000
30213000000007000
30213000000000900
30213065200005000
30213065200006000
30213065200017000
30213065200018000
30213055750011000
30213055750013000
30213021310602000
30213065200007000
30213065200016000
30213065200019000
30213065200004000
30213055750020000
30213065200008000
30213065200015000
30213065200020000
30213065200003000
30213065200009000
30213055750200000
30213065200014000
30213065200021000
30213065200002000
30213065200010000
30213065200013000
30213065200022000
30213065200001000
30213065200011000
30213065200012000
30213065200023000
30213065080001000
30213065080000000
30213086240001000
30213086240022000
30213086240021000
30213086240020000
30213086240019000
30213086240018000
30213086240017000
30213000000000500
30213065080034000
30213086310001000
30213065080033000
30213054710007000
30213086240016000
30213054710006000
30213086240010000
30213086240009000
30213086240008000
30213086310002000
30213065080032000
30213054710005000
30213086240015000
30213086240011000
30213000000003700
30213053470000100
30213000000004800
30213000000007500
30213065080031000
30213086240007000
30213086240012000
30213053470001000
30213086310003000
30213086240014000
30213000000000200
30213054710000100
30213000000006900
30213086240006000
30213065000006000
30213086240013000
30213000000001300
30213088720030000
30213088720029000
30213088720028000
30213025510001000
30213025510002000
30213025510003000
30213065000005000
30213054710004000
30213054710000200
30213025510004000
30213065000004000
30213000000008000
30213065000003000
30213025510006000
30213025510005000
30213000000001000
30213000000003600
30220539680014000
30212921210004100
30220200000009800
